[midi-control]
74
0 [0 0   0   0   0   0] [1 0 144   0   0 127] [1 0 128   0   0 127]
1 [0 0   0   0   0   0] [1 0 144   0   0 127] [1 0 128   0   0 127]
2 [0 0   0   0   0   0] [1 0 144   0   0 127] [1 0 128   0   0 127]
3 [0 0   0   0   0   0] [1 0 144   0   0 127] [1 0 128   0   0 127]
4 [0 0   0   0   0   0] [1 0 144   1   0 127] [1 0 128   1   0 127]
5 [0 0   0   0   0   0] [1 0 144   1   0 127] [1 0 128   1   0 127]
6 [0 0   0   0   0   0] [1 0 144   1   0 127] [1 0 128   1   0 127]
7 [0 0   0   0   0   0] [1 0 144   1   0 127] [1 0 128   1   0 127]
8 [0 0   0   0   0   0] [1 0 144   2   0 127] [1 0 128   2   0 127]
9 [0 0   0   0   0   0] [1 0 144   2   0 127] [1 0 128   2   0 127]
10 [0 0   0   0   0   0] [1 0 144   2   0 127] [1 0 128   2   0 127]
11 [0 0   0   0   0   0] [1 0 144   2   0 127] [1 0 128   2   0 127]
12 [0 0   0   0   0   0] [1 0 144   3   0 127] [1 0 128   3   0 127]
13 [0 0   0   0   0   0] [1 0 144   3   0 127] [1 0 128   3   0 127]
14 [0 0   0   0   0   0] [1 0 144   3   0 127] [1 0 128   3   0 127]
15 [0 0   0   0   0   0] [1 0 144   3   0 127] [1 0 128   3   0 127]
16 [0 0   0   0   0   0] [1 0 144   4   0 127] [1 0 128   4   0 127]
17 [0 0   0   0   0   0] [1 0 144   4   0 127] [1 0 128   4   0 127]
18 [0 0   0   0   0   0] [1 0 144   4   0 127] [1 0 128   4   0 127]
19 [0 0   0   0   0   0] [1 0 144   4   0 127] [1 0 128   4   0 127]
20 [0 0   0   0   0   0] [1 0 144   5   0 127] [1 0 128   5   0 127]
21 [0 0   0   0   0   0] [1 0 144   5   0 127] [1 0 128   5   0 127]
22 [0 0   0   0   0   0] [1 0 144   5   0 127] [1 0 128   5   0 127]
23 [0 0   0   0   0   0] [1 0 144   5   0 127] [1 0 128   5   0 127]
24 [0 0   0   0   0   0] [1 0 144   6   0 127] [1 0 128   6   0 127]
25 [0 0   0   0   0   0] [1 0 144   6   0 127] [1 0 128   6   0 127]
26 [0 0   0   0   0   0] [1 0 144   6   0 127] [1 0 128   6   0 127]
27 [0 0   0   0   0   0] [1 0 144   6   0 127] [1 0 128   6   0 127]
28 [0 0   0   0   0   0] [1 0 144   7   0 127] [1 0 128   7   0 127]
29 [0 0   0   0   0   0] [1 0 144   7   0 127] [1 0 128   7   0 127]
30 [0 0   0   0   0   0] [1 0 144   7   0 127] [1 0 128   7   0 127]
31 [0 0   0   0   0   0] [1 0 144   7   0 127] [1 0 128   7   0 127]
